Scene: Untitled
Entities:
  - Entity: 1231232
    Components:
      - Component: 13514207
        Color: [0.741312742, 0.269047856, 0.269047856, 1]
      - Component: 2832165387
        Translation: [0, 0, 0]
        Rotation: [0, 0, 2.29999995]
        Scale: [1.39999998, 1.5, 1]
      - Component: 538785409
        id: red