Scene: Untitled
Entities:
  - Entity: 1231232
    Components:
      - Component: 13514207
        Color: [0.733590722, 0.266245276, 0.266245276, 1]
      - Component: 2832165387
        Translation: [0.5, 0.200000003, 0]
        Rotation: [0, 0, 30]
        Scale: [2, 1, 1]
      - Component: 538785409
        id: entity